238
229
292
52
106
265
175
459
303
432
152
377
243
399
35
61
71
264
121
17
197
390
123
75
455
40
34
269
206
230
159
332
468
312
392
164
396
109
153
444
55
219
285
333
58
409
259
371
404
83
1384652
431
80
430
5
199
189
29
118
36
48
205
423
101
232
146637
50
96
119
122
135
434
445
258
149
257
33
59
209
225
115
9
341
136
26
358
457
227
271
224
200
289
86
370
410
360
150
87
192
144
22
67
143
327
435
446
99
117
137
140
124
13
267
163
318
389
91
429
3
306
328
449
194
23
76
156
157
92
2090742
350
145
39
183
170
419
100
43
307
287
188
42
448
296
268
340
383
27
116
49
216
44
95
428
207
214
454
45
266
402
278
342
234
233
25
414
161
1
51
103
212
363
275
304
244
384
274
376
398
111
195
263
305
60
147
373
70
173
369
422
146270
309844
160
415
308
372
93
313
357
391
380
231
37
62
154
72
237
46
204
172
246
120
198
134
142
77
453
2089740
316
193
30
298
102
364
19
