204
449
376
106
206
140
30
434
391
244
123
19
119
307
370
3
265
259
95
44
72
278
207
444
360
428
62
410
134
175
61
117
115
83
100
49
396
52
46
17
229
99
316
454
22
152
274
55
231
269
404
195
86
298
419
429
414
402
145
233
268
230
77
371
457
318
435
143
263
87
399
59
198
101
363
372
312
369
149
285
144
29
40
271
159
341
96
92
67
308
225
2090742
172
232
205
384
340
357
328
373
163
350
238
188
459
448
136
199
13
173
102
296
430
70
135
243
392
121
267
35
103
76
192
122
327
453
258
1
194
109
333
9
390
124
257
342
91
170
415
154
189
409
432
214
422
156
234
23
75
39
26
34
33
446
25
200
431
292
42
1384652
120
147
193
287
445
216
398
36
48
219
275
289
380
309844
71
146270
423
51
43
118
93
160
37
2089740
332
303
150
58
111
146637
209
157
377
161
197
383
358
153
116
224
45
266
164
80
27
227
50
468
305
183
455
137
246
264
306
142
313
5
212
389
237
60
364
304
